# This is a file describing the transition probabilities at different distance zones
# V H I C
# 
V V
V 0 0 0 0 0 0 0 0 0 0 0 0 0 0 0 0 0 0
H 0 0 0 0 0 0 0 0 0 0 0 0 0 0 0 0 0 0
I 0 0 0 0 0 0 0 0 0 0 0 0 0 0 0 0 0 0
C 0 0 0 0 0 0 0 0 0 0 0 0 0 0 0 0 0 0
V H
V 0 0 0 0 0 0 0 0 0 0 0 0 0 0 0 0 0 0
H 2 2 1.5 1.5 1 1 1 1 0.5 0.5 0.5 0.5 0.5 0.1 0.1 0.1 0.1 0.1
I -10 -10 -5 -3 -1 0 0 0 0 0 0 0 0 0 0 0 0 0
C -2 -1 2 1 1 1 0.5 0.5 0.4 0.3 0.2 0.1 0.1 0.1 0 0 0 0
V I
V 0 0 0 0 0 0 0 0 0 0 0 0 0 0 0 0 0 0
H -1 -1 0 0 0 0 0 0 0 0 0 0 0 0 0 0 0 0
I 3 3 2 1 0 0.2 0.2 0.2 0.2 0.2 0.2 0.2 0.2 0.2 0.2 0.2 0.2 0.2
C 0 0 0 0 0 0 0 0 0 0 0 0 0 0 0 0 0 0
V C
V 0 0 0 0 0 0 0 0 0 0 0 0 0 0 0 0 0 0
H 4 3.5 3 2.5 2 2 2 1.5 1.5 1.5 1.5 1 1 1 1 1 1 1
I 0 0 0 0 0 0 0 0 0 0 0 0 0 0 0 0 0 0
C 25 25 25 -1 -1 -1 -1 -1 -1 -1 -1 -1 -1 -1 -1 -1 -1 -1
H V
V 0 0 0 0 0 0 0 0 0 0 0 0 0 0 0 0 0 0
H 0 0 0 0 0 0 0 0 0 0 0 0 0 0 0 0 0 0
I 0 0 0 0 0 0 0 0 0 0 0 0 0 0 0 0 0 0
C 0 0 0 0 0 0 0 0 0 0 0 0 0 0 0 0 0 0
H H
V 0 0 0 0 0 0 0 0 0 0 0 0 0 0 0 0 0 0
H 0 0 0 0 0 0 0 0 0 0 0 0 0 0 0 0 0 0
I 0 0 0 0 0 0 0 0 0 0 0 0 0 0 0 0 0 0
C 0 0 0 0 0 0 0 0 0 0 0 0 0 0 0 0 0 0
H I
V 0 0 0 0 0 0 0 0 0 0 0 0 0 0 0 0 0 0
H -1 -1 0 0 0 0 0 0 0 0 0 0 0 0 0 0 0 0
I 2 2 2 0 0 0 0 0 0 0 0 0 0 0 0 0 0 0
C 1 1 0 0 0 0 0 0 0 0 0 0 0 0 0 0 0 0
H C
V 0 0 0 0 0 0 0 0 0 0 0 0 0 0 0 0 0 0
H 4 3.5 3 2.5 2 2 2 1.5 1.5 1.5 1.5 1 1 1 1 1 1 1
I 1 1 1 0 0 0 0 0 0 0 0 0 0 0 0 0 0 0
C 25 25 25 -2 -2 -2 -2 -2 -2 -2 -2 -2 -2 -2 -2 -2 -2 -2
I V
V 0 0 0 0 0 0 0 0 0 0 0 0 0 0 0 0 0 0
H 0 0 0 0 0 0 0 0 0 0 0 0 0 0 0 0 0 0
I 0 0 0 0 0 0 0 0 0 0 0 0 0 0 0 0 0 0
C 0 0 0 0 0 0 0 0 0 0 0 0 0 0 0 0 0 0
I H
V 0 0 0 0 0 0 0 0 0 0 0 0 0 0 0 0 0 0
H 0 0 0 0 0 0 0 0 0 0 0 0 0 0 0 0 0 0
I 0 0 0 0 0 0 0 0 0 0 0 0 0 0 0 0 0 0
C 0 0 0 0 0 0 0 0 0 0 0 0 0 0 0 0 0 0
I I
V 0 0 0 0 0 0 0 0 0 0 0 0 0 0 0 0 0 0
H 0 0 0 0 0 0 0 0 0 0 0 0 0 0 0 0 0 0
I 0 0 0 0 0 0 0 0 0 0 0 0 0 0 0 0 0 0
C 0 0 0 0 0 0 0 0 0 0 0 0 0 0 0 0 0 0
I C
V 0 0 0 0 0 0 0 0 0 0 0 0 0 0 0 0 0 0
H 4 3.5 3 2.5 2 2 2 1.5 1.5 1.5 1.5 1 1 1 1 1 1 1
I -2 -2 -2 0 0 0 0 0 0 0 0 0 0 0 0 0 0 0
C 25 25 25 -2 -2 -2 -2 -2 -2 -2 -2 -2 -2 -2 -2 -2 -2 -2
C V
V 0 0 0 0 0 0 0 0 0 0 0 0 0 0 0 0 0 0
H 0 0 0 0 0 0 0 0 0 0 0 0 0 0 0 0 0 0
I 0 0 0 0 0 0 0 0 0 0 0 0 0 0 0 0 0 0
C 0 0 0 0 0 0 0 0 0 0 0 0 0 0 0 0 0 0
C H
V 0 0 0 0 0 0 0 0 0 0 0 0 0 0 0 0 0 0
H 0 0 0 0 0 0 0 0 0 0 0 0 0 0 0 0 0 0
I 0 0 0 0 0 0 0 0 0 0 0 0 0 0 0 0 0 0
C 0 0 0 0 0 0 0 0 0 0 0 0 0 0 0 0 0 0
C I
V 0 0 0 0 0 0 0 0 0 0 0 0 0 0 0 0 0 0
H 0 0 0 0 0 0 0 0 0 0 0 0 0 0 0 0 0 0
I 0 0 0 0 0 0 0 0 0 0 0 0 0 0 0 0 0 0
C 0 0 0 0 0 0 0 0 0 0 0 0 0 0 0 0 0 0
C C
V 0 0 0 0 0 0 0 0 0 0 0 0 0 0 0 0 0 0
H 0 0 0 0 0 0 0 0 0 0 0 0 0 0 0 0 0 0
I 0 0 0 0 0 0 0 0 0 0 0 0 0 0 0 0 0 0
C 0 0 0 0 0 0 0 0 0 0 0 0 0 0 0 0 0 0